Option: best | Number of Trials: 10 | Size: 5

Insertion: 0, 0, 0, 0, 0, 0, 0, 0, 0, 0, 

Selection: 0, 0, 0, 0, 0, 0, 0, 0, 0, 0, 

Merge: 0, 0, 0, 0, 0, 1, 0, 0, 0, 0, 

First Quick: 0, 0, 0, 0, 0, 0, 0, 0, 0, 0, 

Median Quick: 0, 0, 0, 0, 0, 0, 0, 0, 0, 0, 

Random Quick: 0, 0, 0, 0, 0, 0, 0, 0, 0, 0, 

Heap: 0, 0, 0, 0, 0, 0, 0, 0, 0, 0, 

Counting: 0, 0, 0, 0, 0, 0, 0, 0, 0, 0, 

Radix: 0, 0, 0, 0, 0, 0, 0, 0, 0, 0, 

Bubble: 0, 0, 0, 0, 0, 0, 0, 0, 0, 0, 



Option: best | Number of Trials: 10 | Size: 25

Insertion: 0, 0, 0, 0, 0, 0, 0, 0, 0, 0, 

Selection: 0, 1, 0, 0, 0, 0, 0, 0, 0, 0, 

Merge: 0, 0, 0, 0, 0, 0, 0, 0, 0, 1, 

First Quick: 0, 0, 0, 0, 0, 0, 0, 0, 0, 0, 

Median Quick: 0, 0, 0, 0, 0, 0, 0, 0, 0, 0, 

Random Quick: 0, 0, 0, 0, 0, 0, 0, 0, 0, 0, 

Heap: 0, 0, 0, 0, 0, 0, 0, 0, 0, 0, 

Counting: 0, 0, 0, 0, 0, 0, 0, 0, 0, 0, 

Radix: 0, 0, 0, 0, 0, 0, 0, 0, 0, 0, 

Bubble: 0, 0, 0, 0, 0, 0, 0, 0, 0, 0, 



Option: best | Number of Trials: 10 | Size: 125

Insertion: 0, 0, 0, 0, 0, 0, 0, 0, 0, 0, 

Selection: 0, 1, 0, 0, 0, 0, 0, 0, 1, 0, 

Merge: 1, 0, 1, 0, 0, 1, 0, 1, 0, 0, 

First Quick: 0, 0, 1, 0, 0, 1, 0, 0, 1, 0, 

Median Quick: 0, 0, 0, 0, 0, 0, 0, 0, 0, 0, 

Random Quick: 0, 0, 0, 0, 0, 0, 0, 0, 0, 0, 

Heap: 0, 1, 0, 0, 0, 0, 0, 0, 0, 0, 

Counting: 0, 0, 0, 1, 0, 0, 0, 0, 1, 0, 

Radix: 0, 0, 0, 0, 0, 0, 0, 0, 0, 0, 

Bubble: 0, 0, 0, 1, 0, 0, 0, 0, 0, 0, 



Option: best | Number of Trials: 10 | Size: 625

Insertion: 0, 0, 0, 0, 0, 0, 0, 0, 0, 0, 

Selection: 8, 9, 7, 7, 7, 7, 7, 7, 7, 7, 

Merge: 3, 2, 2, 3, 3, 3, 3, 2, 2, 2, 

First Quick: 5, 5, 6, 8, 5, 5, 5, 4, 4, 5, 

Median Quick: 0, 0, 0, 0, 0, 0, 1, 0, 0, 1, 

Random Quick: 0, 1, 0, 1, 0, 0, 0, 0, 1, 0, 

Heap: 0, 1, 1, 1, 1, 0, 0, 1, 1, 1, 

Counting: 1, 0, 1, 0, 1, 0, 0, 0, 0, 0, 

Radix: 1, 0, 1, 0, 0, 1, 0, 1, 0, 1, 

Bubble: 5, 5, 5, 5, 5, 5, 5, 5, 5, 5, 



Option: best | Number of Trials: 10 | Size: 3125

Insertion: 0, 0, 0, 0, 1, 0, 0, 0, 0, 0, 

Selection: 165, 165, 167, 169, 163, 162, 162, 162, 162, 164, 

Merge: 11, 11, 11, 13, 12, 11, 12, 13, 11, 11, 

First Quick: 126, 119, 117, 117, 115, 115, 115, 115, 115, 115, 

Median Quick: 0, 1, 1, 0, 1, 1, 0, 1, 0, 1, 

Random Quick: 2, 2, 2, 2, 2, 1, 1, 1, 1, 1, 

Heap: 4, 4, 3, 4, 3, 4, 4, 3, 4, 4, 

Counting: 1, 2, 2, 1, 1, 1, 1, 1, 1, 1, 

Radix: 2, 2, 2, 2, 2, 2, 2, 2, 2, 2, 

Bubble: 119, 114, 116, 117, 118, 116, 117, 118, 118, 118, 



Option: best | Number of Trials: 10 | Size: 15625

Insertion: 1, 1, 0, 1, 1, 0, 0, 1, 1, 1, 

Selection: 4117, 4121, 4097, 4096, 4104, 4105, 4128, 4083, 4105, 4093, 

Merge: 60, 59, 60, 60, 61, 61, 61, 61, 62, 73, 

First Quick: 

Median Quick: 

Random Quick: 

Heap: 23, 25, 25, 24, 24, 24, 23, 23, 22, 23, 

Counting: 6, 7, 7, 6, 7, 6, 7, 7, 6, 6, 

Radix: 13, 14, 13, 13, 13, 13, 12, 13, 13, 15, 

Bubble: 2950, 2945, 2935, 2937, 3071, 3078, 3007, 2952, 2955, 2937, 



Option: best | Number of Trials: 10 | Size: 78125

Insertion: 5, 4, 4, 4, 4, 4, 4, 4, 4, 3, 

Selection: 102754, 102411, 102788, 102969, 102446, 102231, 102681, 102471, 102457, 102417, 

Merge: 313, 310, 318, 313, 340, 311, 312, 309, 313, 320, 

First Quick: 

Median Quick: 

Random Quick: 

Heap: 135, 135, 135, 135, 137, 134, 136, 135, 132, 131, 

Counting: 32, 33, 32, 33, 33, 34, 33, 34, 33, 33, 

Radix: 65, 66, 65, 64, 64, 79, 68, 67, 63, 65, 

Bubble: 73554, 73533, 74325, 73466, 73702, 73498, 73460, 73894, 73572, 73437, 



Option: best | Number of Trials: 10 | Size: 390625

Insertion: 19, 19, 17, 18, 18, 18, 18, 18, 18, 18, 

Merge: 1621, 1625, 1688, 1704, 1715, 1711, 1676, 1653, 1618, 1626, 

First Quick: 

Median Quick: 

Random Quick: 

Heap: 782, 794, 769, 768, 774, 775, 788, 772, 772, 777, 

Counting: 167, 163, 163, 161, 164, 175, 167, 163, 166, 166, 

Radix: 392, 380, 387, 389, 389, 386, 384, 400, 393, 388, 





Option: best | Number of Trials: 10 | Size: 1953125

Insertion: 90, 90, 87, 90, 90, 89, 90, 89, 89, 89, 

Merge: 8528, 8519, 8514, 8494, 8514, 8479, 8519, 8608, 8535, 8490, 

First Quick: 

Median Quick: 

Random Quick: 

Heap: 4384, 4400, 4408, 4392, 4386, 4414, 4391, 4403, 4401, 4385, 

Counting: 817, 814, 841, 817, 822, 818, 826, 822, 813, 820, 

Radix: 2275, 2278, 2247, 2263, 2256, 2282, 2239, 2267, 2268, 2259, 





--------------------------------------------------------------------------------------------------------------------------------------------



Option: random | Number of Trials: 10 | Size: 5

Insertion: 0, 0, 0, 0, 0, 0, 0, 0, 0, 0, 

Selection: 0, 0, 0, 0, 0, 0, 0, 0, 0, 0, 

Merge: 0, 0, 0, 0, 0, 0, 0, 0, 0, 0, 

First Quick: 0, 0, 0, 0, 0, 0, 0, 0, 0, 0, 

Median Quick: 0, 0, 0, 0, 0, 0, 0, 0, 0, 0, 

Random Quick: 0, 0, 0, 0, 0, 0, 0, 0, 0, 0, 

Heap: 0, 0, 0, 0, 0, 0, 0, 0, 0, 0, 

Counting: 0, 0, 0, 0, 0, 0, 0, 0, 0, 0, 

Radix: 0, 0, 0, 0, 0, 0, 0, 0, 0, 0, 

Bubble: 0, 0, 0, 0, 0, 0, 0, 0, 0, 0, 



Option: random | Number of Trials: 10 | Size: 25

Insertion: 0, 0, 0, 0, 0, 0, 0, 0, 0, 0, 

Selection: 0, 0, 0, 0, 0, 0, 0, 0, 0, 0, 

Merge: 0, 0, 0, 1, 0, 0, 0, 0, 0, 0, 

First Quick: 0, 0, 0, 0, 0, 0, 0, 0, 0, 0, 

Median Quick: 0, 0, 0, 0, 0, 0, 0, 0, 0, 0, 

Random Quick: 0, 0, 0, 0, 0, 0, 0, 0, 0, 0, 

Heap: 0, 0, 0, 0, 0, 0, 0, 0, 0, 0, 

Counting: 0, 0, 0, 0, 0, 0, 0, 0, 0, 0, 

Radix: 0, 0, 0, 0, 0, 0, 0, 0, 0, 0, 

Bubble: 0, 0, 0, 0, 0, 0, 0, 0, 0, 0, 



Option: random | Number of Trials: 10 | Size: 125

Insertion: 0, 0, 0, 0, 0, 0, 0, 0, 0, 0, 

Selection: 0, 0, 0, 0, 1, 0, 0, 1, 0, 0, 

Merge: 0, 1, 0, 1, 0, 1, 0, 1, 0, 1, 

First Quick: 0, 0, 0, 0, 0, 0, 0, 0, 0, 0, 

Median Quick: 0, 0, 0, 0, 0, 0, 0, 0, 0, 0, 

Random Quick: 1, 0, 0, 0, 0, 0, 0, 0, 0, 0, 

Heap: 0, 0, 1, 0, 0, 0, 0, 0, 0, 0, 

Counting: 0, 0, 0, 0, 0, 0, 0, 0, 0, 0, 

Radix: 0, 0, 0, 0, 0, 0, 0, 1, 0, 0, 

Bubble: 1, 0, 1, 0, 1, 0, 1, 0, 1, 0, 



Option: random | Number of Trials: 10 | Size: 625

Insertion: 4, 4, 3, 3, 3, 3, 4, 3, 4, 3, 

Selection: 6, 7, 7, 6, 7, 6, 6, 6, 7, 6, 

Merge: 2, 2, 2, 2, 2, 3, 2, 2, 2, 2, 

First Quick: 1, 0, 1, 0, 1, 0, 1, 0, 1, 0, 

Median Quick: 0, 0, 0, 0, 0, 0, 0, 0, 1, 0, 

Random Quick: 0, 1, 0, 1, 0, 1, 0, 1, 0, 1, 

Heap: 0, 0, 1, 1, 0, 0, 1, 1, 1, 0, 

Counting: 0, 1, 0, 1, 0, 1, 0, 1, 0, 1, 

Radix: 0, 0, 1, 0, 0, 1, 0, 0, 0, 0, 

Bubble: 9, 9, 10, 9, 10, 9, 9, 10, 9, 9, 



Option: random | Number of Trials: 10 | Size: 3125

Insertion: 81, 83, 82, 85, 83, 85, 85, 85, 83, 83, 

Selection: 163, 165, 161, 164, 175, 169, 165, 162, 164, 162, 

Merge: 12, 11, 12, 11, 11, 12, 11, 12, 12, 11, 

First Quick: 1, 2, 2, 1, 2, 1, 2, 1, 2, 2, 

Median Quick: 1, 1, 2, 2, 1, 1, 2, 2, 1, 1, 

Random Quick: 1, 2, 2, 2, 2, 2, 2, 1, 2, 1, 

Heap: 4, 3, 4, 3, 4, 4, 4, 3, 5, 4, 

Counting: 1, 2, 2, 1, 1, 1, 1, 1, 2, 2, 

Radix: 2, 2, 2, 2, 2, 2, 2, 2, 2, 2, 

Bubble: 240, 236, 237, 239, 238, 235, 240, 237, 238, 235, 



Option: random | Number of Trials: 10 | Size: 15625

Insertion: 2112, 2068, 2097, 2102, 2100, 2084, 2104, 2059, 2081, 2073, 

Selection: 4098, 4099, 4100, 4086, 4075, 4134, 4084, 4094, 4103, 4096, 

Merge: 62, 62, 59, 62, 61, 62, 59, 61, 61, 62, 

First Quick: 10, 10, 10, 10, 10, 10, 10, 11, 10, 10, 

Median Quick: 8, 8, 8, 8, 8, 7, 8, 8, 8, 8, 

Random Quick: 10, 10, 9, 11, 9, 10, 10, 9, 9, 10, 

Heap: 22, 22, 22, 21, 22, 21, 23, 22, 22, 21, 

Counting: 7, 6, 6, 6, 6, 6, 7, 6, 6, 6, 

Radix: 13, 13, 13, 13, 13, 13, 13, 13, 12, 13, 

Bubble: 6011, 5967, 5984, 5990, 5981, 5997, 5970, 6004, 5985, 5982, 



Option: random | Number of Trials: 10 | Size: 78125

Insertion: 52350, 52335, 52627, 52917, 53536, 52610, 52687, 52283, 52414, 53020, 

Selection: 103110, 103339, 102733, 102890, 103076, 106171, 105057, 104862, 106348, 105359, 

Merge: 324, 322, 326, 324, 321, 339, 320, 339, 353, 324, 

First Quick: 64, 61, 60, 64, 65, 61, 62, 61, 61, 62, 

Median Quick: 49, 47, 47, 47, 47, 47, 46, 49, 49, 48, 

Random Quick: 58, 62, 62, 56, 57, 57, 61, 56, 56, 56, 

Heap: 133, 141, 152, 146, 139, 141, 133, 131, 134, 135, 

Counting: 20, 21, 22, 21, 21, 30, 24, 27, 22, 21, 

Radix: 65, 64, 66, 65, 66, 66, 67, 64, 65, 68, 

Bubble: 154278, 153476, 152838, 153309, 153907, 153531, 153219, 153704, 153215, 152968, 



Option: random | Number of Trials: 10 | Size: 390625

Insertion: 0, 0, 0, 0, 0, 0, 0, 0, 0, 0, 

Merge: 1723, 1733, 1744, 1738, 1702, 1687, 1742, 1737, 1759, 1678, 

First Quick: 377, 365, 365, 394, 384, 367, 377, 380, 363, 374, 

Median Quick: 266, 264, 266, 262, 273, 269, 261, 259, 267, 261, 

Random Quick: 307, 316, 319, 312, 309, 330, 314, 313, 314, 327, 

Heap: 780, 778, 774, 825, 788, 777, 785, 791, 859, 770, 

Counting: 80, 80, 77, 77, 76, 80, 77, 85, 79, 76, 

Radix: 331, 327, 335, 326, 354, 328, 336, 338, 338, 335, 





Option: random | Number of Trials: 10 | Size: 1953125

Insertion: 0, 0, 0, 0, 0, 0, 0, 0, 0, 0, 

Merge: 8970, 8984, 8975, 8824, 8865, 8831, 8905, 8933, 8932, 8880, 

First Quick: 2914, 2917, 2887, 2919, 2894, 2830, 2897, 2876, 2880, 2950, 

Median Quick: 1495, 1465, 1488, 1488, 1510, 1507, 1495, 1488, 1486, 1485, 

Random Quick: 1688, 1732, 1741, 1822, 1745, 1760, 1713, 1729, 1694, 1717, 

Heap: 4567, 4550, 4607, 4527, 4600, 4590, 4574, 4624, 4660, 4597, 

Counting: 380, 381, 382, 380, 371, 390, 383, 419, 412, 386, 

Radix: 1683, 1648, 1651, 1659, 1664, 1651, 1644, 1668, 1647, 1670, 





--------------------------------------------------------------------------------------------------------------------------------------------



Option: worst | Number of Trials: 10 | Size: 5

Insertion: 0, 0, 0, 0, 0, 0, 0, 0, 0, 0, 

Selection: 0, 0, 0, 0, 0, 0, 0, 0, 0, 0, 

Merge: 0, 0, 0, 0, 0, 0, 0, 0, 0, 0, 

First Quick: 0, 0, 0, 0, 0, 0, 0, 0, 0, 0, 

Median Quick: 0, 0, 0, 0, 0, 0, 0, 0, 0, 0, 

Random Quick: 0, 0, 0, 0, 0, 0, 0, 0, 0, 0, 

Heap: 0, 0, 0, 0, 0, 0, 0, 0, 0, 0, 

Counting: 0, 0, 0, 0, 0, 0, 0, 0, 0, 0, 

Radix: 0, 0, 0, 0, 0, 0, 0, 0, 0, 0, 

Bubble: 0, 0, 0, 0, 0, 0, 0, 0, 0, 0, 



Option: worst | Number of Trials: 10 | Size: 25

Insertion: 0, 0, 0, 0, 0, 0, 0, 0, 0, 0, 

Selection: 0, 0, 0, 0, 0, 0, 0, 0, 0, 0, 

Merge: 1, 0, 0, 0, 0, 0, 1, 0, 0, 0, 

First Quick: 0, 0, 0, 0, 0, 0, 0, 0, 0, 0, 

Median Quick: 0, 0, 0, 0, 0, 0, 0, 0, 0, 0, 

Random Quick: 0, 0, 0, 0, 0, 0, 0, 0, 0, 0, 

Heap: 0, 0, 0, 0, 0, 0, 0, 0, 0, 0, 

Counting: 0, 0, 0, 0, 0, 0, 0, 0, 0, 0, 

Radix: 0, 0, 0, 0, 0, 0, 0, 0, 0, 0, 

Bubble: 0, 1, 0, 0, 0, 0, 0, 0, 0, 0, 



Option: worst | Number of Trials: 10 | Size: 125

Insertion: 0, 0, 1, 0, 0, 0, 0, 0, 0, 0, 

Selection: 0, 0, 0, 1, 0, 0, 0, 0, 1, 0, 

Merge: 0, 1, 0, 1, 0, 1, 0, 0, 0, 0, 

First Quick: 0, 0, 1, 0, 0, 0, 0, 0, 0, 0, 

Median Quick: 0, 0, 0, 0, 0, 0, 0, 0, 0, 1, 

Random Quick: 0, 0, 0, 1, 0, 0, 0, 0, 0, 0, 

Heap: 0, 1, 0, 0, 0, 0, 0, 0, 0, 0, 

Counting: 0, 0, 0, 0, 0, 0, 0, 0, 0, 0, 

Radix: 0, 0, 0, 0, 1, 0, 0, 0, 0, 0, 

Bubble: 0, 1, 0, 0, 1, 1, 1, 1, 0, 1, 



Option: worst | Number of Trials: 10 | Size: 625

Insertion: 7, 8, 7, 7, 7, 7, 8, 7, 6, 7, 

Selection: 7, 7, 7, 7, 7, 7, 6, 7, 7, 7, 

Merge: 2, 2, 3, 2, 2, 2, 2, 2, 2, 3, 

First Quick: 6, 5, 5, 6, 5, 5, 5, 5, 4, 4, 

Median Quick: 0, 0, 0, 0, 0, 0, 0, 0, 0, 0, 

Random Quick: 0, 0, 1, 0, 0, 0, 0, 0, 0, 1, 

Heap: 1, 1, 0, 1, 1, 0, 0, 1, 1, 1, 

Counting: 0, 0, 0, 1, 0, 1, 0, 1, 0, 0, 

Radix: 0, 0, 0, 1, 0, 1, 0, 1, 0, 1, 

Bubble: 14, 15, 15, 16, 15, 14, 14, 14, 14, 14, 



Option: worst | Number of Trials: 10 | Size: 3125

Insertion: 169, 169, 172, 173, 171, 173, 172, 180, 171, 175, 

Selection: 166, 165, 165, 167, 168, 177, 178, 177, 165, 169, 

Merge: 11, 12, 13, 14, 13, 12, 14, 12, 12, 11, 

First Quick: 126, 125, 117, 121, 118, 118, 122, 127, 118, 116, 

Median Quick: 1, 0, 1, 1, 1, 1, 0, 1, 1, 1, 

Random Quick: 1, 1, 1, 1, 1, 1, 2, 2, 2, 2, 

Heap: 3, 3, 4, 4, 4, 3, 3, 3, 4, 4, 

Counting: 1, 1, 1, 1, 1, 1, 1, 2, 1, 2, 

Radix: 2, 2, 2, 3, 2, 2, 2, 3, 2, 2, 

Bubble: 349, 347, 350, 351, 346, 363, 363, 340, 352, 346, 



Option: worst | Number of Trials: 10 | Size: 15625

Insertion: 4718, 4479, 4300, 4310, 4369, 4391, 4335, 4320, 4289, 4278, 

Selection: 4231, 4217, 4224, 4231, 4242, 4202, 4168, 4200, 4219, 4217, 

Merge: 64, 62, 61, 61, 60, 61, 60, 61, 61, 61, 

First Quick: 

Median Quick: 

Random Quick: 

Heap: 22, 24, 25, 21, 22, 23, 25, 21, 21, 22, 

Counting: 7, 6, 7, 7, 6, 7, 7, 6, 7, 6, 

Radix: 13, 14, 13, 14, 13, 17, 17, 15, 14, 15, 

Bubble: 8676, 8725, 8659, 8718, 8701, 8665, 8641, 8663, 8748, 8913, 



Option: worst | Number of Trials: 10 | Size: 78125

Insertion: 107592, 108876, 107877, 108429, 108024, 107899, 107946, 108163, 108072, 108703, 

Selection: 105833, 106004, 105602, 105760, 106389, 106559, 106101, 106344, 106290, 106641, 

Merge: 325, 319, 321, 321, 345, 332, 327, 319, 327, 324, 

First Quick: 

Median Quick: 

Random Quick: 

Heap: 126, 126, 125, 125, 131, 126, 124, 129, 126, 127, 

Counting: 35, 32, 32, 32, 32, 32, 33, 31, 31, 31, 

Radix: 67, 65, 70, 64, 63, 64, 63, 67, 64, 66, 

Bubble: 218529, 218713, 217654, 218190, 217876, 220004, 219073, 216982, 218402, 217224, 



Option: worst | Number of Trials: 10 | Size: 390625

Insertion: 

Merge: 1709, 1683, 1660, 1725, 1667, 1702, 1690, 1680, 1697, 1695, 

First Quick: 

Median Quick: 

Random Quick: 

Heap: 761, 737, 776, 737, 732, 746, 730, 766, 733, 761, 

Counting: 162, 159, 162, 158, 156, 164, 162, 155, 160, 157, 

Radix: 429, 400, 412, 391, 398, 399, 389, 399, 396, 399, 





Option: worst | Number of Trials: 10 | Size: 1953125

Insertion: 

Merge: 8730, 8697, 8728, 8764, 8841, 8807, 8766, 8806, 9019, 8796, 

First Quick: 

Median Quick: 

Random Quick: 

Heap: 4210, 4287, 4397, 4413, 4217, 4241, 4238, 4249, 4250, 4232, 

Counting: 800, 801, 802, 806, 841, 819, 815, 813, 838, 802, 

Radix: 2328, 2357, 2352, 2346, 2377, 2376, 2363, 2311, 2317, 2365, 





